abc <- c(260, 300, 250, 280, 310)
def <- c(180, 200, 210, 190, 170)
ghi <- c(210, 250, 260, 210, 270)